2019/1	-6.282825	8.750994	2.540000	1
2019/2	2.153058	10.869632	18.762910	1
2019/3	3.587123	11.338401	36.982462	2
2019/4	15.304239	13.518796	34.835710	3
2019/5	19.328215	10.882987	31.041107	4
2019/6	24.609697	6.714879	25.961141	5
2019/7	24.699228	5.625210	19.611170	6
2019/8	17.398580	1.457926	12.033804	7
2019/9	12.031661	1.972052	4.795813	6
2019/10	9.861810	0.000000	0.064307	5
2019/11	4.953448	0.075985	1.240208	4
2019/12	-4.139111	5.047771	0.000000	3
2020/1	-0.647324	5.817610	3.554534	2
2020/2	5.731634	11.686595	19.732383	1
2020/3	10.834730	11.454330	23.760633	2
2020/4	13.321970	10.857733	22.790184	3
2020/5	22.717048	9.405622	18.980588	4
2020/6	16.004251	8.838009	14.164674	5
2020/7	20.830286	3.330447	7.816846	6
2020/8	12.439164	0.534659	1.242681	5
2020/9	12.786747	0.000000	0.000000	4
2020/10	6.274938	0.000000	1.626269	3
2020/11	4.289591	1.682982	7.982796	2
2020/12	0.185161	4.187365	13.495065	3
2021/1	1.905547	6.193732	23.951057	4
2021/2	-0.261127	11.544607	28.553688	5
2021/3	11.225313	9.995449	26.784370	6
2021/4	10.052196	13.304811	25.740914	7
2021/5	13.301353	9.618890	18.448574	8
2021/6	16.503904	8.948242	8.469185	7
2021/7	16.851588	6.322381	0.000000	6
2021/8	18.736492	0.192428	0.000000	5
2021/9	17.060225	0.000000	0.000000	4
2021/10	1.719831	1.912501	3.226242	3
2021/11	0.422317	2.861845	6.643948	2
2021/12	-2.862770	3.380054	6.428106	3
2022/1	-1.845388	6.654628	7.660504	2
2022/2	-0.924672	11.635664	12.894959	3
2022/3	1.736707	13.081195	23.657170	4
2022/4	16.939985	12.512788	18.698357	5
2022/5	23.396361	8.444261	12.348533	6
2022/6	23.509191	7.097747	4.728677	5
2022/7	21.206029	4.757803	0.000000	4
2022/8	22.949049	0.000000	0.000000	3
2022/9	8.576139	0.429193	0.866290	2
2022/10	11.496696	0.000000	0.000000	1
2022/11	-1.302739	3.567229	3.337218	0
2022/12	-4.916496	5.482828	4.306146	1
2023/1	-2.473236	5.699900	6.619208	2
2023/2	5.711920	8.968855	23.164589	3
2023/3	3.366623	12.203085	37.996843	4
2023/4	10.624777	10.570772	38.792283	5
2023/5	18.035673	9.797486	32.493392	6
2023/6	16.600719	6.386512	25.021934	7
2023/7	22.626012	3.413888	16.132228	8
2023/8	16.467537	0.469369	6.047979	7
2023/9	15.575015	0.107964	0.000000	6
2023/10	6.011314	0.000000	0.000000	5
2023/11	7.658785	3.612691	3.318491	4
2023/12	2.292035	6.281718	13.468148	3
2024/1	-0.876049	7.321977	17.217001	4
2024/2	5.173615	10.097671	32.108045	5
2024/3	7.670555	11.959850	39.715071	6
2024/4	18.302061	13.735444	32.130161	7
2024/5	19.227303	8.333481	23.256790	8
2024/6	20.743815	6.722820	13.100123	9
2024/7	25.544056	5.438935	1.670132	8
2024/8	14.207645	2.634666	0.000000	7
2024/9	12.880247	1.632068	0.000000	6
2024/10	7.296706	1.793312	0.340736	5
2024/11	-3.322651	2.429249	0.000000	4
2024/12	1.221148	4.244472	5.339928	3
