Month	Temperature	Precip	Grain(cm)	Deer
2019/1	-6.282825	8.750994	2.004753	0
2019/2	2.153058	10.869632	19.217386	1
2019/3	3.587123	11.338401	39.358673	2
2019/4	15.304239	13.518796	41.147794	3
2019/5	19.328215	10.882987	41.467968	4
2019/6	24.609697	8.057855	40.534798	5
2019/7	24.699228	6.750252	38.238306	6
2019/8	17.398580	1.457926	30.660941	7
2019/9	12.031661	1.972052	23.422950	8
2019/10	9.861810	0.000000	16.151444	9
2019/11	4.953448	0.075985	12.247346	8
2019/12	-4.139111	5.047771	3.548478	7
2020/1	-0.647324	5.817610	2.023011	6
2020/2	5.731634	11.686595	13.323160	5
2020/3	10.834730	11.454330	13.603725	6
2020/4	13.321970	10.857733	8.913649	5
2020/5	22.717048	9.405622	3.455420	4
2020/6	16.004251	8.838009	0.000000	3
2020/7	20.830286	3.330447	0.000000	2
2020/8	12.439164	0.534659	0.000000	1
2020/9	12.786747	0.000000	0.000000	0
2020/10	6.274938	0.000000	6.706269	0
2020/11	4.289591	1.682982	16.872796	1
2020/12	0.185161	4.187365	23.655065	2
2021/1	1.905547	6.193732	37.746565	3
2021/2	-0.261127	11.544607	47.393851	4
2021/3	11.225313	9.995449	51.633917	5
2021/4	10.052196	13.304811	57.023850	6
2021/5	13.301353	9.618890	56.703894	7
2021/6	16.503904	8.948242	47.994507	8
2021/7	16.851588	6.322381	42.755050	9
2021/8	18.736492	0.192428	31.335423	10
2021/9	17.060225	0.000000	18.678484	11
2021/10	1.719831	1.912501	13.014726	10
2021/11	0.422317	2.861845	7.542432	9
2021/12	-2.862770	3.380054	0.000000	8
2022/1	-1.845388	6.654628	0.000000	7
2022/2	-0.924672	11.635664	0.000000	6
2022/3	1.736707	13.081195	6.952210	5
2022/4	16.939985	12.512788	1.418617	4
2022/5	23.396361	8.444261	0.000000	3
2022/6	23.509191	7.097747	0.000000	2
2022/7	21.206029	4.757803	0.000000	1
2022/8	22.949049	0.000000	0.000000	0
2022/9	8.576139	0.429193	4.676290	0
2022/10	11.496696	0.000000	6.168436	1
2022/11	-1.302739	3.567229	9.505654	2
2022/12	-4.916496	5.482828	7.934582	3
2023/1	-2.473236	5.699900	7.707645	4
2023/2	5.711920	8.968855	22.483792	3
2023/3	3.366623	12.203085	39.564426	4
2023/4	10.624777	10.570772	44.316311	5
2023/5	18.035673	9.797486	42.449056	6
2023/6	16.600719	6.386512	39.222504	7
2023/7	22.626012	3.413888	30.332797	8
2023/8	16.467537	0.469369	20.248548	9
2023/9	15.575015	0.107964	8.956488	8
2023/10	6.011314	0.000000	5.700212	7
2023/11	7.658785	3.612691	6.478703	6
2023/12	2.292035	6.281718	14.736230	5
2024/1	-0.876049	7.321977	17.418704	6
2024/2	5.173615	10.097671	31.511618	7
2024/3	7.670555	11.959850	39.729808	8
2024/4	18.302061	13.735444	33.577878	9
2024/5	19.227303	8.333481	25.522294	10
2024/6	20.743815	6.722820	15.377857	11
2024/7	25.544056	6.526722	2.945652	10
2024/8	14.207645	2.634666	0.000000	9
2024/9	12.880247	1.632068	0.000000	8
2024/10	7.296706	1.793312	0.000000	7
2024/11	-3.322651	2.429249	0.000000	6
2024/12	1.221148	4.244472	2.799928	5
